phi1      Phi     phi2
5.34519  1.84120  5.72128
3.52209  1.83548  5.03006
5.84090  1.19173  4.68630
4.37729  1.37364  5.10895
3.66179  0.95363  2.40838
5.12329  1.83869  3.87849
5.52301  2.19931  3.61594
6.21351  2.54396  3.33042
0.00328  0.99576  1.72831
5.43771  2.20018  1.56218
3.84887  1.79615  2.83773
6.22004  1.46705  1.43076
3.31551  2.14372  5.05451
3.01293  1.28296  6.19588
5.03501  1.60184  0.18844
1.43158  2.34105  3.36568
3.12962  0.97174  0.54712
5.66022  2.49607  5.03969
3.61070  1.99530  6.21498
5.31041  2.12380  0.42064
4.64102  1.50901  5.90241
3.68186  2.52699  0.11421
1.55028  1.76132  4.29669
4.18722  2.48210  4.92436
0.52454  2.45819  3.35609
3.93303  0.96568  5.56287
4.15284  2.00078  5.64862
4.58517  1.36222  3.93289
5.59676  0.37951  0.86626
6.17199  1.70624  1.36849
4.83194  1.17070  1.14443
3.65334  1.02839  0.26276
5.83277  1.70592  0.67193
3.64482  1.25455  3.87323
0.10671  2.46624  5.90406
0.75938  0.52060  2.22711
5.42057  2.24603  2.58005
3.04293  2.05741  6.18485
5.30838  0.93271  5.94126
1.31573  1.59559  4.25148
3.47015  1.00283  6.20969
3.95767  1.78031  4.81814
0.20101  2.04217  2.11555
3.86236  2.75324  4.16186
2.27710  1.21686  1.53414
0.31122  1.71214  1.85673
3.07606  1.66747  4.27368
1.20958  1.34927  3.31656
0.77336  2.64918  2.58612
1.29116  1.94807  3.78649
0.92058  0.99388  4.71565
1.18798  1.16705  3.66645
0.26799  2.41786  3.46701
3.99106  2.40342  3.66667
1.77102  2.52404  3.21586
3.38411  2.96449  0.51895
4.36784  1.72519  4.52119
3.13604  1.25440  6.25903
3.36653  1.10868  2.22760
2.79717  1.50834  6.10260
0.77869  2.46926  2.17681
3.08101  1.30411  5.57032
5.35954  2.41433  2.85693
5.49105  2.39115  2.59764
1.69831  2.50278  1.36805
1.30980  2.36878  0.78951
3.54988  2.29628  1.94096
4.02319  2.22371  4.56226
2.62026  1.94447  4.91893
1.29418  1.94672  4.35920
5.95604  2.17107  0.06159
0.51567  2.09199  5.29807
0.66419  0.66673  5.79519
0.89247  1.15223  4.84406
1.04590  1.45909  0.26804
3.90160  2.25381  2.37621
3.60473  2.18454  4.42549
0.32721  2.57794  4.58367
5.85090  0.59598  1.40917
4.57831  1.14458  1.69052
4.63600  1.45496  4.22878
0.39838  1.95320  3.00017
5.40631  2.30178  3.91893
5.87104  1.32328  1.48563
6.18515  0.22013  1.11290
5.39687  2.29047  5.21281
4.93581  2.07649  4.81871
3.22565  1.77870  5.87150
1.11591  2.59061  0.67789
2.50441  1.19373  1.14497
0.84152  1.76729  0.62263
0.19408  0.26278  3.07728
5.90080  1.76770  1.21420
1.89316  1.32705  5.62905
1.85689  2.33403  0.62260
2.09190  1.81040  0.27750
2.93468  2.31548  3.50158
4.07274  1.02836  4.85373
0.15851  0.73442  1.95997
5.29173  1.87386  1.12458
3.51251  1.19063  2.12972
5.36647  1.99512  1.32038
2.18580  1.50950  3.20538
2.80248  0.84351  5.69485
0.34080  1.37456  3.95165
1.11280  1.90644  0.63796
4.16455  1.98400  2.45582
2.07865  1.66575  0.34317
5.64535  1.72613  3.14966
0.74239  1.85541  2.71259
6.21041  1.45389  6.26786
3.39282  1.06433  5.09945
4.44169  1.72271  3.05145
6.27999  1.71256  5.61998
1.80861  2.41924  0.86423
2.60452  2.82768  2.45048
2.92067  2.00383  5.82675
4.80009  1.94438  5.76479
5.14092  1.25836  4.48352
0.62971  0.41808  3.88512
1.11914  0.51262  2.15695
2.25966  1.65512  5.88124
0.35629  2.11653  0.78398
3.27911  1.01479  4.59041
2.11021  1.02552  4.06194
1.10376  1.06866  5.23485
1.31285  1.06171  2.50249
5.68724  2.47861  4.71127
4.24361  1.19918  5.24784
2.94348  1.64434  2.02608
5.73110  2.18423  3.46996
0.65352  2.50305  6.15204
4.68441  0.86696  3.45141
4.62610  2.27835  2.07610
3.53028  2.30886  3.89226
1.15733  1.23240  2.26594
3.75239  0.66198  4.75328
1.88455  1.53767  2.60061
0.84272  1.15337  3.09349
1.33582  2.33619  4.36521
5.62308  0.43490  6.11186
0.44895  1.48894  2.05935
1.52359  1.20310  5.26407
0.33775  2.75680  4.64373
2.77542  0.90408  5.99526
0.08346  1.05038  0.20057
5.63722  2.43353  2.24228
1.23564  1.52068  4.16357
0.58666  1.92658  1.76873
1.93124  1.47776  1.44754
2.86550  1.77444  4.46815
0.63881  1.74144  3.92430
6.25421  2.26338  3.71090
2.08659  2.08200  4.14966
1.86829  2.85400  0.29880
0.38984  0.55982  2.19149
1.87393  1.25834  2.83586
0.29123  0.52519  1.51365
3.17570  2.30902  4.49276
4.78417  0.56946  5.37956
3.96513  0.94058  1.76877
0.56481  1.41538  4.59332
0.50807  1.69101  0.86559
4.88355  2.07691  5.25728
5.68714  1.04270  0.87086
3.35379  2.14440  3.69582
0.68584  2.62930  2.30062
5.18871  1.00669  5.06901
2.12433  1.22132  3.16535
1.84708  1.12583  3.07621
4.68923  1.28271  5.51067
0.06495  1.73342  2.21885
0.30440  1.79106  2.82394
4.19664  0.88630  6.05404
3.79169  1.94458  0.26576
3.30560  0.89043  6.11328
4.58489  0.95434  1.18882
4.44380  0.78904  4.19164
4.90954  1.55952  3.68470
1.80942  1.29603  4.24185
4.35132  0.44691  2.26837
3.49766  1.68310  3.89732
2.49141  2.64658  5.09661
0.38698  0.74734  0.12100
4.90198  1.30531  0.52699
2.12110  1.86487  6.12487
3.81934  0.10954  4.09255
4.65743  2.15515  1.45291
0.65856  1.26096  2.53521
0.80355  1.35924  0.76668
3.45285  1.79827  1.68665
3.04879  2.36831  1.62009
5.59502  2.82317  2.08391
5.02002  1.72923  0.95651
4.61400  2.25467  2.18660
0.32253  1.10229  0.76440
0.45795  1.83307  5.55530
0.55623  0.81877  0.59237
5.01618  1.08325  5.84362
5.92510  1.42826  2.50711
4.29592  2.27350  0.29783
0.82990  0.41586  2.15119
4.54102  2.05935  4.62421
0.69337  0.55640  4.99314
0.73823  2.15611  3.42374
4.02574  1.82645  4.31166
2.06600  2.54099  5.61486
4.10802  1.28676  0.34427
4.70693  2.26369  1.90796
3.66427  2.71383  0.29023
4.64977  1.10812  1.22822
1.47546  1.88087  4.52494
4.61788  1.24377  4.53491
6.09844  1.80519  5.51538
5.44709  1.31327  3.65954
0.54183  2.84625  0.44412
