-3.752356825122645789e-01 -5.460770134887018568e-01 5.375659709123605978e+01 0.000000000000000000e+00 0.000000000000000000e+00 0.000000000000000000e+00
3.020740155306181229e+00 5.089961526369661726e+01 8.867095256983009932e+00 0.000000000000000000e+00 0.000000000000000000e+00 0.000000000000000000e+00
3.861840108782200520e+00 3.098641242934314022e+01 -2.662672614539877713e+01 0.000000000000000000e+00 0.000000000000000000e+00 0.000000000000000000e+00
1.170726541571606738e+01 6.404733034790019985e+01 3.784906772437835087e+01 0.000000000000000000e+00 0.000000000000000000e+00 0.000000000000000000e+00
1.042324512866659703e+01 4.200714766089372176e+01 -1.433447637723632617e+01 0.000000000000000000e+00 0.000000000000000000e+00 0.000000000000000000e+00
1.442900620568956427e+01 4.628237714535639924e+01 7.629206410103606117e+01 0.000000000000000000e+00 0.000000000000000000e+00 0.000000000000000000e+00
2.174109736914598656e+01 5.672126945031000389e+01 1.856342914092267371e+00 0.000000000000000000e+00 0.000000000000000000e+00 0.000000000000000000e+00
1.107608843081202998e+01 2.402149438053046637e+01 -3.386917363453143537e+01 0.000000000000000000e+00 0.000000000000000000e+00 0.000000000000000000e+00
4.844989491817651839e+01 9.051842167821521912e+01 4.071433130732678052e+01 0.000000000000000000e+00 0.000000000000000000e+00 0.000000000000000000e+00
2.237248480075685109e+01 3.610786818160407563e+01 -2.189396097550064013e+01 0.000000000000000000e+00 0.000000000000000000e+00 0.000000000000000000e+00
8.766573746414923107e+01 1.232795542200366157e+02 1.484829055976566679e+02 0.000000000000000000e+00 0.000000000000000000e+00 0.000000000000000000e+00
4.049067684073243356e+01 4.987362127935932676e+01 -7.350498334731078387e+00 0.000000000000000000e+00 0.000000000000000000e+00 0.000000000000000000e+00
1.108492729346419559e+01 1.216952917230293352e+01 -4.249812628238005630e+01 0.000000000000000000e+00 0.000000000000000000e+00 0.000000000000000000e+00
8.416692732721081427e+01 8.005889110283587229e+01 2.768389294183290161e+01 0.000000000000000000e+00 0.000000000000000000e+00 0.000000000000000000e+00
2.870925918240888564e+01 2.417605758932771209e+01 -2.798765037882526840e+01 0.000000000000000000e+00 0.000000000000000000e+00 0.000000000000000000e+00
1.970093298443324841e+02 1.444803934884437240e+02 1.668033258983691951e+02 0.000000000000000000e+00 0.000000000000000000e+00 0.000000000000000000e+00
4.652189238695940077e+01 2.973703184047014147e+01 -1.474146435324646554e+01 0.000000000000000000e+00 0.000000000000000000e+00 0.000000000000000000e+00
2.964304619278767561e+01 1.621655436845766829e+01 7.417653248500307939e+01 0.000000000000000000e+00 0.000000000000000000e+00 0.000000000000000000e+00
6.755561323848796462e+01 3.180858970055026091e+01 6.787344646300543793e+00 0.000000000000000000e+00 0.000000000000000000e+00 0.000000000000000000e+00
2.827126816353639782e+01 1.147838461995400472e+01 -3.299401451049561729e+01 0.000000000000000000e+00 0.000000000000000000e+00 0.000000000000000000e+00
7.689877609302517669e+01 2.496263947479032907e+01 3.819464522886592306e+01 0.000000000000000000e+00 0.000000000000000000e+00 0.000000000000000000e+00
4.270681665949112471e+01 1.100686638360208391e+01 -1.918630404227633335e+01 0.000000000000000000e+00 0.000000000000000000e+00 0.000000000000000000e+00
5.033528158636938343e+01 9.408656761978635430e+00 6.026178891052420283e+01 0.000000000000000000e+00 0.000000000000000000e+00 0.000000000000000000e+00
5.159468209457786259e+01 6.488421863917460009e+00 -2.738426391977007768e+00 0.000000000000000000e+00 0.000000000000000000e+00 0.000000000000000000e+00
2.212409485692690225e+01 1.707857088494960207e+00 -3.985494879630485343e+01 0.000000000000000000e+00 0.000000000000000000e+00 0.000000000000000000e+00
5.224905666661690873e+01 1.041661997135813998e-02 1.578512309121608581e+01 0.000000000000000000e+00 0.000000000000000000e+00 0.000000000000000000e+00
3.631988089924573870e+01 -2.242076526169419104e+00 -2.319281093906302971e+01 0.000000000000000000e+00 0.000000000000000000e+00 0.000000000000000000e+00
4.318438042131890597e+01 -5.586703838971686764e+00 3.464936644070957783e+01 0.000000000000000000e+00 0.000000000000000000e+00 0.000000000000000000e+00
4.083069124689544793e+01 -7.779283741254291229e+00 -8.327907424950469206e+00 0.000000000000000000e+00 0.000000000000000000e+00 0.000000000000000000e+00
1.220969857568681327e+01 -3.812723965421762617e+00 5.443337230099649560e+01 0.000000000000000000e+00 0.000000000000000000e+00 0.000000000000000000e+00
3.962664755173769038e+01 -1.285159989636536615e+01 6.276486028657732419e+00 0.000000000000000000e+00 0.000000000000000000e+00 0.000000000000000000e+00
2.929881963950542456e+01 -1.161605152430175458e+01 -2.878481652496569865e+01 0.000000000000000000e+00 0.000000000000000000e+00 0.000000000000000000e+00
3.395121062721141669e+01 -1.610433188349139400e+01 2.096562897322111141e+01 0.000000000000000000e+00 0.000000000000000000e+00 0.000000000000000000e+00
3.227165502963009658e+01 -1.790239080766170332e+01 -1.331219697713886951e+01 0.000000000000000000e+00 0.000000000000000000e+00 0.000000000000000000e+00
2.237129652685205983e+01 -1.478920761460982725e+01 3.884606990212170530e+01 0.000000000000000000e+00 0.000000000000000000e+00 0.000000000000000000e+00
3.028987486205543433e+01 -2.223770793717184802e+01 1.864767385440016245e-01 0.000000000000000000e+00 0.000000000000000000e+00 0.000000000000000000e+00
2.117937315183453251e+01 -1.752154393066406968e+01 -3.825938814462690374e+01 0.000000000000000000e+00 0.000000000000000000e+00 0.000000000000000000e+00
2.553949098702406673e+01 -2.435704918711843803e+01 1.315417870343165241e+01 0.000000000000000000e+00 0.000000000000000000e+00 0.000000000000000000e+00
2.434348386662701103e+01 -2.641906854895723811e+01 -1.947851475404274169e+01 0.000000000000000000e+00 0.000000000000000000e+00 0.000000000000000000e+00
1.843162256575470082e+01 -2.294743880956722037e+01 2.750328955223858429e+01 0.000000000000000000e+00 0.000000000000000000e+00 0.000000000000000000e+00
2.175133827664945585e+01 -3.065273578244068631e+01 -5.274018215409043364e+00 0.000000000000000000e+00 0.000000000000000000e+00 0.000000000000000000e+00
8.526822331954463152e+00 -1.270326347584534332e+01 -5.356819729177848188e+01 0.000000000000000000e+00 0.000000000000000000e+00 0.000000000000000000e+00
1.710945084594733956e+01 -3.195195096294158077e+01 7.638156394219193679e+00 0.000000000000000000e+00 0.000000000000000000e+00 0.000000000000000000e+00
1.589590421130018605e+01 -3.446203064797172999e+01 -2.917093623190508467e+01 0.000000000000000000e+00 0.000000000000000000e+00 0.000000000000000000e+00
1.143008162923201354e+01 -2.982922596926937331e+01 2.072965027594320375e+01 0.000000000000000000e+00 0.000000000000000000e+00 0.000000000000000000e+00
1.251746301436857500e+01 -3.967545871496481880e+01 -1.202128222433264604e+01 0.000000000000000000e+00 0.000000000000000000e+00 0.000000000000000000e+00
4.714462177529609832e+00 -1.995908623119689906e+01 3.807929664670717074e+01 0.000000000000000000e+00 0.000000000000000000e+00 0.000000000000000000e+00
7.425423178767644572e+00 -4.010847131258724829e+01 2.554540483548623619e+00 0.000000000000000000e+00 0.000000000000000000e+00 0.000000000000000000e+00
5.332864473764574065e+00 -4.143373963887133016e+01 -4.688057901289680274e+01 0.000000000000000000e+00 0.000000000000000000e+00 0.000000000000000000e+00
2.217547791373024602e+00 -3.645050436253853832e+01 1.618207832655048506e+01 0.000000000000000000e+00 0.000000000000000000e+00 0.000000000000000000e+00
9.702782600848612604e-02 -5.200072995633381367e+01 -2.358025139072049114e+01 0.000000000000000000e+00 0.000000000000000000e+00 0.000000000000000000e+00
-1.794564009526313120e+00 -2.757921952338297089e+01 3.028858151688610789e+01 0.000000000000000000e+00 0.000000000000000000e+00 0.000000000000000000e+00
-6.142955402743382365e+00 -5.089838473386514295e+01 -4.071796412198220416e+00 0.000000000000000000e+00 0.000000000000000000e+00 0.000000000000000000e+00
-5.885925145147657744e+00 -3.324105754797681556e+01 -6.827703687683408873e+01 0.000000000000000000e+00 0.000000000000000000e+00 0.000000000000000000e+00
-1.079321924710834324e+01 -4.353568407039920629e+01 1.235671155616478956e+01 0.000000000000000000e+00 0.000000000000000000e+00 0.000000000000000000e+00
-2.400205569660646532e+01 -7.649682754504181048e+01 -5.280654639935278283e+01 0.000000000000000000e+00 0.000000000000000000e+00 0.000000000000000000e+00
-1.243356247716346275e+01 -3.221395097734200874e+01 2.617222733651942335e+01 0.000000000000000000e+00 0.000000000000000000e+00 0.000000000000000000e+00
-3.216350934075526879e+01 -7.041131968913430228e+01 -1.748554869856155491e+01 0.000000000000000000e+00 0.000000000000000000e+00 0.000000000000000000e+00
-7.244910550241776548e+00 -1.337725070753169554e+01 4.300967727678415287e+01 0.000000000000000000e+00 0.000000000000000000e+00 0.000000000000000000e+00
-3.153864143991359725e+01 -5.091911418568429326e+01 7.468224234489874824e+00 0.000000000000000000e+00 0.000000000000000000e+00 0.000000000000000000e+00
-9.265250131777193587e+01 -1.302911879763772447e+02 -1.526263324510102564e+02 0.000000000000000000e+00 0.000000000000000000e+00 0.000000000000000000e+00
-2.718167364955157339e+01 -3.353204017983170360e+01 2.291773140581865675e+01 0.000000000000000000e+00 0.000000000000000000e+00 0.000000000000000000e+00
-1.115158420401094475e+02 -1.206480029526461237e+02 -6.348079827181974366e+01 0.000000000000000000e+00 0.000000000000000000e+00 0.000000000000000000e+00
-1.916661832515070785e+01 -1.845019445859485074e+01 3.548237854257609314e+01 0.000000000000000000e+00 0.000000000000000000e+00 0.000000000000000000e+00
-6.076295470802532606e+01 -5.077668698804202307e+01 -1.644951525106769674e+00 0.000000000000000000e+00 0.000000000000000000e+00 0.000000000000000000e+00
-5.005756850574819339e+01 -3.666776460085958433e+01 -9.462263389409915249e+01 0.000000000000000000e+00 0.000000000000000000e+00 0.000000000000000000e+00
-4.317438076969597915e+01 -2.762825165398114535e+01 1.777392607344373232e+01 0.000000000000000000e+00 0.000000000000000000e+00 0.000000000000000000e+00
-1.155802156397824234e+02 -6.383841243352178196e+01 -7.576560673886766040e+01 0.000000000000000000e+00 0.000000000000000000e+00 0.000000000000000000e+00
-3.077625128444883273e+01 -1.475203511223319985e+01 3.029779335232599635e+01 0.000000000000000000e+00 0.000000000000000000e+00 0.000000000000000000e+00
-6.962490080055869157e+01 -2.753954266689300923e+01 -1.241029711799764002e+01 0.000000000000000000e+00 0.000000000000000000e+00 0.000000000000000000e+00
-8.077724414650392148e+00 -2.233998277321719517e+00 -5.853627018455031816e+01 0.000000000000000000e+00 0.000000000000000000e+00 0.000000000000000000e+00
-5.039978393356940245e+01 -1.291351414253644769e+01 9.645321979162060799e+00 0.000000000000000000e+00 0.000000000000000000e+00 0.000000000000000000e+00
-6.065418010320470188e+01 -1.147061782646912498e+01 -5.077831696509593939e+01 0.000000000000000000e+00 0.000000000000000000e+00 0.000000000000000000e+00
-3.799102194592499870e+01 -4.870661247020349194e+00 2.358785907271477811e+01 0.000000000000000000e+00 0.000000000000000000e+00 0.000000000000000000e+00
-5.555248892054594023e+01 -3.487131383248077920e+00 -1.770388069101403161e+01 0.000000000000000000e+00 0.000000000000000000e+00 0.000000000000000000e+00
-2.323845749517577985e+01 -2.854055795530801021e-01 3.904547759710911947e+01 0.000000000000000000e+00 0.000000000000000000e+00 0.000000000000000000e+00
-4.626600198966312405e+01 2.891824460353389359e+00 1.776653644155526734e+00 0.000000000000000000e+00 0.000000000000000000e+00 0.000000000000000000e+00
-3.648882183220260345e+01 4.927495959922945978e+00 -4.548934168772748876e+01 0.000000000000000000e+00 0.000000000000000000e+00 0.000000000000000000e+00
-3.804021683538542220e+01 7.260346797683401299e+00 1.606841088202506285e+01 0.000000000000000000e+00 0.000000000000000000e+00 0.000000000000000000e+00
-4.103209711994293940e+01 1.055812918616133089e+01 -2.091447647978078095e+01 0.000000000000000000e+00 0.000000000000000000e+00 0.000000000000000000e+00
-2.869531282498634184e+01 9.279613618732311053e+00 3.111650213495734008e+01 0.000000000000000000e+00 0.000000000000000000e+00 0.000000000000000000e+00
-3.759090663597822157e+01 1.488716054409086276e+01 -4.236790112161060051e+00 0.000000000000000000e+00 0.000000000000000000e+00 0.000000000000000000e+00
-1.783474036729512591e+01 9.096328565761652385e+00 -4.855698847888826464e+01 0.000000000000000000e+00 0.000000000000000000e+00 0.000000000000000000e+00
-3.293048971455836238e+01 1.825058403522465156e+01 9.401315481526891560e+00 0.000000000000000000e+00 0.000000000000000000e+00 0.000000000000000000e+00
-2.876453176077413687e+01 1.854285832779214971e+01 -2.451743296830092689e+01 0.000000000000000000e+00 0.000000000000000000e+00 0.000000000000000000e+00
-2.729517336542702921e+01 2.007485873445891045e+01 2.401592384921533707e+01 0.000000000000000000e+00 0.000000000000000000e+00 0.000000000000000000e+00
-2.793553471437650870e+01 2.339720134910283278e+01 -9.267518197544779568e+00 0.000000000000000000e+00 0.000000000000000000e+00 0.000000000000000000e+00
-1.494838106702561475e+01 1.370288316393764383e+01 4.736201567663850653e+01 0.000000000000000000e+00 0.000000000000000000e+00 0.000000000000000000e+00
-2.517752410050741574e+01 2.732125367928489723e+01 3.740314623627972068e+00 0.000000000000000000e+00 0.000000000000000000e+00 0.000000000000000000e+00
-1.776421451936274565e+01 2.217504002278155539e+01 -2.950065537207899524e+01 0.000000000000000000e+00 0.000000000000000000e+00 0.000000000000000000e+00
-2.150454430386217552e+01 3.027801571289647597e+01 1.809115219790605522e+01 0.000000000000000000e+00 0.000000000000000000e+00 0.000000000000000000e+00
-1.800595066264541444e+01 2.908600733007987671e+01 -1.434074571771441597e+01 0.000000000000000000e+00 0.000000000000000000e+00 0.000000000000000000e+00
-1.566669072098849824e+01 2.871599191945232832e+01 3.945542198236542220e+01 0.000000000000000000e+00 0.000000000000000000e+00 0.000000000000000000e+00
-1.580513945885268967e+01 3.455530146363880561e+01 -1.617165430521483094e+00 0.000000000000000000e+00 0.000000000000000000e+00 0.000000000000000000e+00
-7.626425197906852027e+00 2.050449324547267338e+01 -3.688058941350355013e+01 0.000000000000000000e+00 0.000000000000000000e+00 0.000000000000000000e+00
-1.254236994024139307e+01 3.974497641174130536e+01 1.297388756145579514e+01 0.000000000000000000e+00 0.000000000000000000e+00 0.000000000000000000e+00
-7.870925644738491656e+00 3.176298259460115858e+01 -2.015259389493042974e+01 0.000000000000000000e+00 0.000000000000000000e+00 0.000000000000000000e+00
-8.088416274059470723e+00 4.287444125415258611e+01 3.505076121779315201e+01 0.000000000000000000e+00 0.000000000000000000e+00 0.000000000000000000e+00
-4.866300173113730310e+00 3.963442307820700705e+01 -7.510723030170474601e+00 0.000000000000000000e+00 0.000000000000000000e+00 0.000000000000000000e+00
-1.064321145309109706e+00 1.028313089269907543e+01 5.856295281687530974e+01 0.000000000000000000e+00 0.000000000000000000e+00 0.000000000000000000e+00
1.308147086871657150e+00 -6.899916811239212855e-01 -2.315667237595196326e+00 1.845663262007464889e+00 5.718743049517423849e+00 2.828139960438227618e+01
1.001446322584465420e+00 3.411425845673623058e+01 7.008366584497131235e+00 -1.395807193559683057e+01 1.396954346869700458e+01 -6.436912900947408644e+00
2.434495142511698074e+00 2.907159065782222029e+01 -2.218333843333515532e+01 6.555855882856943539e-01 -1.472752732609612147e+00 1.252725993080480471e+01
2.506435784611494300e-01 1.731442587870566285e+01 1.429859762119638411e+01 1.108465818948297787e+01 -7.955711283769134390e+00 -2.303233324514002334e+01
1.612554914123004890e+00 1.238572798110789819e+01 -7.515256905362964091e+00 -1.586649322167141918e+01 -2.205831028647067882e+01 -3.741568002145275962e+00
-1.635882634333894192e-01 1.775967502860540748e+01 3.137875828373412546e+01 -8.190650484560704214e+00 2.129419881825519667e+01 1.270520557189220234e+01
5.285104920048773636e+00 3.422039026201134959e+01 1.956221228873561868e+00 6.935153569926852946e+00 3.618211775267139441e+00 -1.975316336163277597e+01
4.938873615561433006e+00 1.415926899793819338e+01 -1.923102675850635634e+01 1.974475978013609634e+01 -8.114654371772886066e+00 1.805389261018294778e-01
5.962375216000313394e+00 1.967809013615629610e+01 6.797881691831544337e+00 -1.446640511243775151e+01 -1.707730599317353537e+01 1.601060974809180593e+01
6.605747635388970807e+00 2.430201335057063261e+01 -1.136936257076911794e+01 -2.529465190919966577e+00 1.996255380768940313e+01 -1.354151520669594966e+01
8.871700952830890330e+00 3.659251908490905691e+01 4.449225240993716568e+01 1.781871428216919995e+01 1.010773803658474179e+01 -1.052496316742740801e+00
5.882880444244571017e+00 1.321420489702528123e+01 -1.842121256949772690e+00 1.899294893918012050e+01 -4.022445058754873237e+00 1.715085847972562405e+01
3.956344863309658511e+00 6.704477631823073658e+00 -2.307560849586341334e+01 -1.305368917156213193e+01 -1.786641200519172656e+01 -1.102839131157345420e+01
7.730410903269679501e+00 2.286396120263313847e+01 5.895524646896585175e+00 2.179027490838834347e-01 2.970359373098516542e+01 5.060537684058841634e+00
7.112298465099295974e+00 1.181538928653683307e+01 -1.134348329587291637e+01 7.354080427313534507e+00 8.343709329830399923e+00 2.393832838200715685e+01
3.489641001858453606e+00 9.642310278805320323e+00 7.936949343417027514e+00 -2.423049290163103109e+01 -9.200983451619424436e-01 -7.601258247695060533e+00
1.655929023162507363e+01 3.028895255553026900e+01 -9.144581302810035339e+00 -1.167239838212175940e+01 -1.473855772216066562e+01 1.010955425633978955e+01
1.043957681999776455e+01 2.670255645375450571e-01 1.186165896100569306e+01 1.045398078607633341e+00 1.795430710087576287e+01 -2.296169695030448565e+01
1.349785917320446771e+01 2.591983841773735264e+01 3.342972139328263204e+00 1.913869321481323027e+01 1.475803847784275646e+01 -7.066055418790821108e+00
7.675521434066637561e+00 1.115616749214797565e+01 -1.555884625405299460e+01 -2.064473562824997188e+01 -5.402347488571752621e-01 9.709628784580209171e+00
1.159596483231147168e+01 2.060711404771079458e+01 1.479837924020943341e+01 -7.091594824744898773e+00 -8.873823099042736473e+00 -2.606132612554182515e+01
1.390200131233519087e+01 1.503585259474556679e+01 -1.072554661676889332e+01 5.516877343243479004e+00 -2.730358737650203338e+01 -3.963513241571356982e+00
5.658611545034193391e+00 9.043579943060647608e+00 1.669894194264533027e+01 1.895338719797012672e+01 1.581240560030117592e+01 1.181719550311359512e+01
1.593805065593264025e+01 1.930965207928403515e+01 -2.794460893886906994e-01 -1.870561912868044985e+01 2.704888817463723782e+00 -1.659270485517653881e+01
1.471067161440109672e+01 1.316341073749743984e+01 -3.550331291027985259e+01 -5.920442566198548917e+00 -1.089890710682811026e+01 -1.807898346919601718e+00
1.958514913492158271e+01 1.794400948091926651e+01 7.871304055088573115e+00 8.537909212278252724e+00 -2.078928916831691609e+01 1.895432330155292888e+01
6.204041682043724748e+00 8.056410529994726843e+00 -5.003372490525928029e+00 1.948872928774699886e+01 1.536295445803257564e+01 -1.033838947518079188e+01
2.500571538762280710e+01 2.569835373121563293e+01 3.280326993365488875e+01 -2.408469858338938252e+01 8.906598104525908610e+00 -3.975261485388197902e-01
2.628790135720918997e+01 2.124927739166963292e+01 -5.657890780650935092e+00 8.002580738835521346e-02 -5.728108692783759892e+00 2.369438780181879878e+01
2.419500232339847567e+00 5.432262803954469810e+00 2.890612758201945454e+01 1.389491929793037706e+01 -1.574193723935525924e+01 -1.443244905500707631e+01
8.651094149843396863e+00 8.341618511645561895e+00 2.498567679615418591e+00 -1.771789323605999655e+01 2.237590086245766940e+01 3.815614357627013842e+00
9.992817376756097048e+00 5.817992901616385382e+00 -1.247920049782299756e+01 -4.678475380607204137e+00 8.677866127870396795e+00 2.501707623510878875e+01
6.421758167791649896e+01 4.680658944567634450e+01 5.335015474436451655e+01 1.203821724125415216e+01 -2.001949746329235946e+00 -2.345388472253827317e+01
2.345604578603639823e+01 1.275463368755511695e+01 -7.964256380977528416e+00 1.712500105327094602e+01 -1.492869290200354015e+01 7.768592455510394679e+00
1.129347304819255271e+01 -2.296914002002090061e-01 1.036126426081371221e+01 -9.771003617161682087e+00 1.867196224872269639e+01 -1.950708706711105478e+01
4.221645842483981426e+01 2.357268024167937881e+01 1.568871818374843186e-01 -1.046272508146085123e+01 1.778968995482562576e+01 -7.679439820443016096e+00
2.152283042326022056e+01 6.178467323843614523e+00 -2.940445606899425712e+01 9.096057597566041153e+00 2.849663833194163054e+00 1.227719481325836703e+01
1.387980381093197835e+01 6.419938393754703654e+00 7.914639947621704863e+00 1.753536812198713690e+01 -9.190476689719055514e+00 -1.866860832853562258e+01
1.402554519776208153e+01 2.846949033515764782e+00 -9.715668847636431238e+00 -8.649635724291890426e+00 -2.720089505771496974e+01 -4.789771686555959640e+00
2.564170537885123480e+01 1.017641042868950763e+01 2.993237250121751813e+01 -1.674840140014015599e+00 2.150713729798589924e+01 1.834764525131029345e+01
3.264022734145667215e+01 1.181488324443639115e+01 -6.361758950113733491e+00 1.333499302717080504e+01 1.402849336922880941e+00 -1.633590139466891245e+01
3.415840256744751890e+00 -9.489922878214257507e-01 -1.105780548074674741e+01 2.400246223374627519e+01 -6.388822151716232689e+00 2.410227943598347355e+00
2.410686899320393550e+01 4.947518368825964963e+00 6.328474618762915505e+00 -8.669151300511185099e+00 -1.895935599781832082e+01 1.803391685025239255e+01
2.423512355904327720e+01 5.851258878873152547e+00 -2.053417036796739836e+01 1.577947777805434049e+00 1.815776046565920510e+01 -1.173066802054843194e+01
2.925920393561847632e+01 6.027893703829020566e+00 2.296383863181846152e+01 2.160493947120253466e+01 6.916663836987921421e+00 3.146283715061331865e+00
1.473079854609146366e+01 2.069090958803594393e+00 -4.710642679197837523e+00 -1.774608477934486217e+01 -3.720332899501715751e+00 1.799152757695751248e+01
1.174642690981477600e+01 4.234281456807951649e+00 3.231332306319153247e+01 -8.990251978181833081e+00 -2.026911260934067727e+01 -1.434116886036101057e+01
2.673501245054570674e+01 3.695046648910233600e+00 1.646646647314402134e+00 4.683352483125403865e+00 2.622077356620735955e+01 7.536656531470371512e+00
6.906774690583430854e+00 5.055443318568382249e-01 -6.856335715566561184e+00 7.488206943664735604e+00 1.593982299576763850e+00 -2.679015175780661195e+01
2.339351882995210374e+01 1.136106653859141113e+00 1.037102065267408157e+01 -2.231501585717881397e+01 -2.334096632781297753e+00 -5.660083592696532939e+00
3.365842035744211103e+01 -1.068531299948809465e+00 -1.176548569832273472e+01 -5.413199480808577491e+00 -1.531532913607925472e+01 8.149148248059038480e+00
1.571501253851095292e+01 -3.229578580195797244e+00 1.511183931209098397e+01 3.807045465202788304e+00 1.994563367966792811e+01 -1.887792041524443221e+01
1.743683764888838894e+01 -1.487895188440027994e+00 -2.012556073339311968e+00 2.214419354492287084e+01 8.825922934544918164e+00 -2.407321329471900029e+00
1.114132975372040590e+01 -3.238499191401345012e+00 -2.660025017114873336e+01 -1.711182181140904746e+01 1.364915587977161504e+00 1.207437692950060359e+01
2.738721826476798782e+01 -4.404749141937135626e+00 6.541959801775603545e+00 -9.365960753529196658e-01 -1.295899868757787665e+01 -1.978234892546557333e+01
1.266349286904620186e+01 -2.859826667780637877e+00 -8.378608524005802138e+00 5.954905988324216359e+00 -2.846626996307708168e+01 -5.100150510444370511e+00
4.506019367466440606e+00 -2.880781849000611447e-02 2.364797948138449790e+00 -2.145611101247921582e+01 9.810779335686044433e+00 1.231137288886892023e+01
2.936800232925732956e+01 -6.589838388008020686e+00 -8.234057082624067547e+00 -1.287818449489332373e+01 -4.775507441962202893e-01 -1.226578628600411136e+01
1.382721059425827725e+01 2.573589410720605208e+00 5.410631172634338526e+01 5.544471965991711215e+00 -1.269663351672933871e+01 1.723853220701754285e+00
2.035498999147154109e+01 -3.905279403873805233e+00 4.862412297993823351e+00 1.026555103713347883e+01 -1.701825353533463669e+01 1.692617349297465168e+01
1.060541671271558251e+01 -3.528517555927986660e+00 -1.233117113232251860e+01 -1.900679444834861087e+01 1.364214521330604946e+01 -9.690577640883974553e+00
3.297097353605728642e+01 -1.232060614285002842e+01 1.714414103397324496e+01 -1.043318184843289664e+01 3.142069762821243728e+00 5.600596195642633113e+00
2.080082382052738410e+01 -8.206054538071189342e+00 -6.689107403494371162e+00 5.051285369047715079e+00 4.529181895091323740e-01 2.269635593962879838e+01
9.581908359328025426e+00 -4.206646753378088910e+00 1.544756064945113039e+01 1.683166058060491110e+01 -1.838700658472169280e+01 -9.045099847900109680e+00
1.810069944007213394e+01 -7.759250859824342150e+00 -1.024601227954956340e+00 -1.432355987677690123e+01 1.962567672755049486e+01 7.225926705954841545e+00
9.669104889174482409e+00 -5.586198993263452373e+00 -2.026867426124589500e+01 -4.141979863534629658e+00 3.803241240704387849e+00 -2.458988410420840154e+01
2.904367840442641580e+01 -1.640844456222318826e+01 1.002125338361450702e+01 1.083268281411780620e+01 -5.116721387674231458e+00 -4.376943004957461802e+00
1.199029747287000625e+01 -6.392199510087436920e+00 -7.215394675380456313e+00 2.066450048048247368e+01 -1.101563701578369425e+01 7.690013884345228590e+00
1.376611541307877395e+01 -7.523643015038746995e+00 1.288899264916500265e+01 -6.823285946572763550e+00 1.928387365760399064e+01 -1.732107898145222080e+01
2.988314598773697028e+01 -2.058306401483735115e+01 -8.383671235351517481e+00 -4.429630791610250085e-01 7.345700124664474195e+00 5.977193790052590799e-02
3.449199197128775207e+00 -7.045939508253517225e+00 -3.296336015695855082e+01 1.546119490432600685e+01 1.805678675712848680e+00 1.508718609233317665e+01
7.794068571329431094e+00 -6.297002147563520502e+00 8.326294604005889388e-01 -1.990352992390553055e+01 -1.029741288544041566e+01 -1.315493241065706442e+01
5.826261857423122414e+00 -6.635933786725930261e+00 -6.882336619496391528e+00 -2.753262702486404478e+00 -3.060451138677734306e+01 -4.367943622704665074e+00
1.599541415523150434e+01 -1.500441640419505873e+01 1.183790941746734049e+01 4.520552302618862761e+00 1.038311038798558350e+01 1.934392963874762472e+01
1.702143501124577440e+01 -1.678994717947769288e+01 -9.475896086326853762e+00 1.708966313833448325e+01 3.365151895411477301e-01 -9.797536594365837459e+00
7.849531294037596751e+00 -7.155719085096549748e+00 1.674785807931269943e+01 -2.124639061254134731e+01 -9.765117469684190254e+00 3.634673499928377627e+00
1.612276165742440170e+01 -1.449471330524287538e+01 3.795703290161196009e+00 -5.951479209726060482e+00 -1.713634087414369844e+01 1.612902480246571102e+01
1.313810588396721890e+01 -1.723947768380311629e+01 -3.149565767610186384e+01 8.087807080890074829e+00 1.543220273186661728e+01 -8.727078822708087102e+00
1.138886929165071749e+01 -1.463183739134167816e+01 7.006282331219714443e+00 2.054195201380810687e+01 3.467952051601457253e+00 6.073585973747208655e+00
9.578767761991432650e+00 -1.160340698542893989e+01 -7.657707303214044359e+00 -9.579208967783836570e+00 7.558217409385243890e-01 2.390894560405640590e+01
1.043984872134980613e+01 -1.625799539738634891e+01 1.575463431434283201e+01 -2.589867054104467492e+00 -2.316331049150122112e+01 -7.414277458066873550e+00
1.373937858031080772e+01 -1.988933430832255311e+01 -4.183683276236640047e+00 9.944633240096882432e+00 1.612242936711660590e+01 1.242414964589203130e+01
1.501022957776094513e+00 -4.281437952211185838e+00 -9.173832812847345863e+00 1.874871912985610578e+01 5.590171253926786044e+00 -1.806319077610613633e+01
1.474175550431185577e+01 -2.504642571513356941e+01 4.801498304334732126e+00 -1.418452297365545611e+01 -7.086873307180929338e+00 -1.480805670676987651e+00
1.544636398505199537e+01 -2.670071065039363489e+01 -1.967390797878589481e+01 -1.968473757226529175e+00 -1.531263806685516116e+01 8.607953223546891408e+00
9.803066095950331515e+00 -1.321476147615082830e+01 1.246273396641499964e+01 7.451317353656414788e+00 1.793805693398612178e+01 -1.641330117148958223e+01
6.444291137850018281e+00 -1.432173176627969013e+01 -5.311579647439987006e+00 -2.281891415665110756e+01 5.593544947109315935e+00 -1.056303782182502760e+00
4.320896191777368500e+00 -1.032150789031102889e+01 3.141400480967257636e+01 -1.015245626827616476e+01 -2.518805754356745030e+00 1.637958028056499415e+01
9.711282139262856106e+00 -2.568772493080695085e+01 2.318538136531863358e+00 2.922031926752118647e+00 -1.483840846234375555e+01 -1.471740532071521557e+01
2.980079063634598402e+00 -4.988903837401838182e+00 -6.929146643097507052e+00 7.617374695412202357e+00 3.007505727759833647e+01 2.719072463050949739e+00
4.528456220626639883e+00 -1.710578778874782202e+01 6.626830748190599252e+00 -1.443884685872121842e+01 8.610561206932272782e+00 1.730316482242830389e+01
9.724293724007543105e+00 -3.564717799498201600e+01 -1.716788901845945858e+01 -7.700315401145445549e+00 -1.243069724170589863e-01 -1.160251806221757853e+01
4.910564967573664674e+00 -2.089603500609990050e+01 2.663307000462859264e+01 9.836842270156489931e+00 -1.134486685736580647e+01 4.198420801714474848e+00
2.063817234824141256e+00 -9.797228628116883442e+00 1.218018271379367468e+00 1.350905050743362068e+01 -1.571656747880165561e+01 1.858358754556688197e+01
1.520645596378862985e+00 -1.502040329020441156e+01 -2.836034557333367445e+01 -1.704864318812289881e+01 1.500888439540348074e+01 -8.808965297333338995e+00
4.474766862481790675e+00 -3.663316634190304200e+01 1.029758609507658740e+01 -3.118215593743815628e+00 3.253239883144211753e+00 6.847397909714777242e+00
9.532337414680618348e-01 -1.275245415457503562e+01 -5.118789125384744843e+00 4.587732747153872026e+00 -5.786784027231814065e+00 -2.685773772215934585e+01
1.314733975877831140e+00 -6.446904832970820287e+00 4.451866876211601820e+00 1.940148737792829081e+01 -1.871051791967729017e+01 -5.377864139042884517e+00
6.109475380610491779e-01 -2.779667177480169826e+01 -6.314808000462721616e+00 -1.140597012215609141e+01 1.783087847566464035e+01 1.179194782990613355e+01
5.103657798193020234e+00 -4.248383242705977558e+00 2.838370463157932022e+01 3.094322732898366901e+00 2.799148765762678348e+00 -2.352671061161962385e+01
-1.361215277877993790e+00 -3.074007032161251729e+01 4.593490031632690318e+00 1.732280565054696098e+01 -3.444388140731469594e+00 -4.486785166193048013e+00
-1.499446080217505806e-01 -1.258351530724571710e+01 -1.124826231872531856e+01 -2.034789503282632239e+01 -1.402524037196809914e+01 9.326328610842530509e+00
2.071459311356306454e+00 -1.957869941967490135e+01 1.052289645625490699e+01 -5.005948641299061919e+00 1.882789294419876924e+01 -1.576208492691541529e+01
-5.181279906746431685e+00 -4.885488420625326711e+01 -1.901082160994689474e+01 8.741199677638876508e+00 1.199729939804439560e+01 -1.743539880683956600e+00
-1.428567306706211459e+00 -1.081630807752642198e+01 1.760771928163578437e+01 1.807736628091972264e+01 -6.188564550363365169e-02 1.452605391550904912e+01
-2.046051877403715302e+00 -2.134607374259575252e+01 5.176087978810177403e-02 -1.624945201227051683e+01 -1.494234583604698940e+01 -1.215389221584528023e+01
-2.534241661670654455e+00 -1.035544118039829620e+01 -1.700098656552848908e+01 -4.748088119327144696e+00 3.057404115917120890e+01 3.187082798111247950e+00
-4.608430153544282426e+00 -2.153613909100830526e+01 8.699030089006816624e+00 7.689132246040921714e+00 1.073963471381163259e+01 2.059902113107182942e+01
-4.236536306613055913e+00 -1.737841284049358848e+01 -9.087143112946193924e+00 2.343149156814814660e+01 1.477094344360196709e+00 -7.958731002842337254e+00
-6.033509515955040037e+00 -2.037225139149137831e+01 1.764370338809658634e+01 -1.607349756404298802e+01 -1.198600765600616036e+01 5.318903710286155828e+00
-8.144181205969767134e+00 -1.428803957403832747e+01 -2.027086838802647950e+00 -1.263539473027491145e+00 -1.882070306386658842e+01 2.257552715421483214e+01
-2.392002312772103956e+00 -1.346795750422734272e+01 -3.655691206208177135e+01 1.503011868855687183e+01 1.604371938966805899e+01 -8.948972178006664890e+00
-3.331805313827318038e+00 -8.895220865958894052e+00 1.009149249742723686e+00 -2.443585528487217573e+01 4.950725868336972590e-01 5.578799962269767931e+00
-6.962641879214436003e+00 -1.366797249336173081e+01 -1.109807293438542963e+01 -8.987655270819363551e+00 -5.994982120222687172e+00 -2.619128112393327967e+01
-9.088187696341259780e+00 -2.018800162111442731e+01 1.302804656044602361e+01 1.693547573202576428e+00 -2.510704923526342469e+01 -7.457640660699206059e+00
-9.857500549793234867e+00 -2.309322343058581595e+01 -6.834425908103468394e+00 1.676303146694675306e+01 1.602196456718336393e+01 1.329176494756611859e+01
-2.735256582583095675e+00 -4.709167948435238671e+00 1.431349757242588616e+01 -1.807193006674467028e+01 2.215048757755335274e+00 -1.759844733196279520e+01
-2.518993370282227318e+01 -4.444499502705443916e+01 5.482255915253475109e+00 -1.169912825526224154e+01 -6.027932704791110652e+00 -3.822421939907540533e+00
-1.873634359796628601e+01 -1.713484775905263291e+01 -3.034926168221372578e+01 6.828776785606342159e+00 -2.259638688018051056e+01 1.785493112497079338e+01
-7.867105393775209343e+00 -1.529650955362978060e+01 6.937073532341995197e+00 1.535295053717714886e+01 1.624342470630704582e+01 -1.396389483454200686e+01
-1.777986899720642811e+01 -2.576691648219918918e+01 -1.472388046678098128e+01 -2.335858633806966367e+01 1.045463019507341684e+01 -5.328496125532032890e-01
-1.539687525713939387e+01 -1.740084383629417886e+01 2.543783001481898154e+01 -3.853307356978540099e+00 -2.584741949398157157e-01 1.768172154318867229e+01
-2.065789707740231052e+01 -2.713492657701802102e+01 7.880193329311070416e-01 1.075143168137414484e+01 -1.677093952610367467e+01 -1.626822309116056076e+01
-2.851228453202122815e+00 -1.247917776582240235e+00 -8.230614087768927334e+00 1.598003419801872838e+01 2.439753639786897566e+01 3.615154493043780892e+00
-1.561459207380918635e+01 -1.649466006271270047e+01 7.240176336894389664e+00 -1.040693562857265064e+01 1.152518368729810305e+01 2.076687254286950690e+01
-5.328329941017695148e+01 -5.899961619563134008e+01 -5.393736167489458921e+01 -4.134110695206129060e-01 8.012797238658386334e+00 -2.774530179552396447e+01
-1.927031084860329813e+01 -1.741485698541072935e+01 1.969193846152447591e+01 1.539610071845442363e+01 -1.099617209876752000e+01 4.588371714328578044e+00
-6.663199421307486325e+00 -1.518321153174189364e+00 -2.608415200905274123e+00 -9.226214258711495475e+00 -1.422077638441715486e+01 2.350737182924137869e+01
-5.318360747616353912e+00 -5.339198915661652833e+00 3.274506029206931146e+01 -1.224553839434126701e+01 1.603975405350990258e+01 -4.670169998966705371e+00
-4.183769597444615584e+01 -3.395268597386524334e+01 1.080551278449610741e+01 4.974491830777723500e+00 6.266720080755979083e+00 9.901394880421422684e+00
-1.309761521405894058e+01 -1.005617922329986058e+01 -1.311006408900347964e+01 1.310977196879339068e+01 -5.254266846400823532e+00 -2.416834131628266746e+01
-1.139361485896366766e+01 -9.560610076701383520e+00 7.404453687488480540e+00 -1.533987092232598215e+01 -2.274478119121947017e+01 -4.856858404312718314e+00
-2.844430785087039126e+01 -1.878473703536467809e+01 -1.047576105572298744e+01 -9.704843599713887770e+00 2.294504234467856207e+01 1.479080598935002833e+01
-1.502774185718219613e+01 -9.005171496641349194e+00 2.407965596187096935e+01 8.716726303119550323e+00 -3.855023782512453367e-01 -1.910791584574583624e+01
-2.036190050418848330e+01 -1.250335038056240755e+01 4.490575681314668555e-01 2.361056273458891042e+01 -4.233208733844260330e+00 -1.184236381095075785e+00
-1.413807122781184056e+01 -3.529380353109642154e+00 -2.120680651486168244e+01 -1.419523902852945163e+01 -1.803876081651178254e+01 1.506279651647916396e+01
-2.919450643199393980e+01 -1.405362338071882711e+01 6.131925172831711457e+00 -3.771765885234148907e+00 2.059269604924046959e+01 -1.444287995811629166e+01
-4.248780326885364644e+01 -2.064986031684472678e+01 -2.641034386119207866e+01 2.069566505933892486e+01 1.259953357515512984e+01 -1.602581015863841829e+00
-6.376033285817422680e+00 -3.626731532130298419e+00 6.716215921054625504e+00 2.096812353027896592e+01 -1.398122421174169405e+00 1.485321763599936773e+01
-2.578224143948743574e+01 -8.925693009348089291e+00 -1.585382237477322764e+00 -1.358056690898352059e+01 -1.590037063873682399e+01 -1.573936217543461069e+01
-3.142407869171297552e+00 -1.637248110672742119e+00 -2.531256278262717174e+01 -9.729914789440238243e-01 2.818122294196509259e+01 6.742798684786329488e+00
-1.682934595802007038e+01 -5.906659792107094908e+00 4.828247062906016573e+00 1.064028769113379269e+01 9.677712289505549847e+00 2.257121009955763924e+01
-1.208866137197848190e+01 -2.721220595683034205e+00 -1.104539063154073197e+01 -2.370183778234041228e+01 -2.727326757896095244e-01 -8.415058407210423752e+00
-2.909119935843353844e+01 -6.402719845182378577e+00 2.091616159355825744e+01 -1.124877245436125150e+01 -1.149582613295932454e+01 5.182954474385121024e+00
-5.013602669646710197e+00 -2.486952537046573652e-01 1.020288919421551421e+00 -9.883171176510312517e-01 -1.668870796845347826e+01 -2.448345366708959858e+01
-1.093743637468137919e+01 -5.938178626721777320e-01 2.126685517034971440e+01 1.953175989977773241e+01 1.111842043989411444e+01 -3.590523110234086435e+00
-2.472999055770983645e+01 -3.297162422508564728e+00 3.235808600641811417e+00 -2.080027251014437439e+01 3.324729012213083479e+00 7.516745728698855267e+00
-1.631675634912037154e+01 -3.959089463138362186e-01 -1.933622396675629673e+01 -7.223993665960517951e+00 -7.020937827069444914e+00 -2.461828289962127414e+01
-2.090087894715694006e+01 -3.308172828285152356e+00 1.003313211884944245e+01 5.704813224809489824e+00 -2.626874807047373750e+01 -5.046276651825102988e+00
-1.415272530613856894e+01 2.845125547556120460e-01 -5.540150402907082494e+00 1.936244546898895535e+01 1.362087012279950748e+01 1.160139377900388169e+01
-1.834162329126479207e+01 2.197496696414930284e+00 1.708922909164197890e+01 -1.539970542751045635e+01 -6.227903001010125505e-01 -1.558448998324898405e+01
-4.683582787070056241e+01 1.409295594898813953e+00 -1.198105515355934569e+00 -2.900144594235522622e+00 -5.261430946423434563e+00 -3.608560798089970323e+00
-1.534038775282907885e+01 2.407037704825558677e+00 -2.230964679644530690e+01 8.181443718838927737e+00 -1.928804051975906120e+01 1.636199230042711505e+01
-6.075860339195422455e+00 1.894408358941365611e+00 1.916111545091081281e+00 2.077284728669784286e+01 1.403666650614001377e+01 -9.616240363650815581e+00
-3.086626950134749592e+01 3.088850500479326744e+00 -2.234745653002485000e+01 -1.709644670962281765e+01 9.052572631453305263e+00 1.573698072370155687e+00
-2.473101294587901222e+01 3.592992382652250072e+00 2.087509541398267388e+01 1.476429397107030583e+00 -6.464414884418810958e-01 1.872266587578198838e+01
-2.507529992881892866e+01 4.292162674955939394e+00 -4.870970096547343253e+00 1.417793175835684139e+01 -1.542245263030993030e+01 -1.090307659120570172e+01
-6.282883180880883600e+00 1.481588726602690143e+00 1.289399384813424554e+01 -1.426908202108423218e+01 2.392492075182872568e+01 5.660790215276255921e+00
-1.739263211971253043e+01 4.637196254602252488e+00 1.274108910144767570e+00 -4.983097259162588166e+00 9.227098767095949228e+00 2.402424196828953384e+01
-3.158010043736702244e+01 8.122573606940189705e+00 -3.352875766640424615e+01 7.559480034620426281e+00 -1.110765933427787289e+00 -1.003349604084934299e+01
-1.868126822022261280e+01 5.789262970082273974e+00 1.107092188689192547e+01 1.871972584178288201e+01 -1.030748956548653972e+01 6.718471518126402309e+00
-8.963984121244973124e+00 6.292018142836306449e-01 -6.677969775877525827e+00 -7.010658773495470619e+00 1.932941302658650784e+01 -2.096558932671577224e+01
-2.388118903249055691e+01 1.026624231217952321e+01 3.000836475170877193e+01 -5.992533691277381891e+00 1.171465801980606258e+01 -1.008538034702475716e+00
-3.037931738465869103e+01 1.406095370455071958e+01 1.866101928192021031e-01 1.063012318535189671e+01 3.588487613323505965e+00 8.615776749558182956e+00
-6.351956709297883030e+00 3.075491038023415058e+00 -1.207738707286786273e+01 1.842801856519945503e+01 -7.089391932490298309e+00 -1.699487350148238107e+01
-1.614519167551801004e+01 6.953102467507791928e+00 5.687358641666762082e+00 -1.079967936864886902e+01 -2.469463066541032603e+01 -3.671854739752883123e+00
-2.000478417878572657e+01 1.270109910282155674e+01 -1.281040082255311141e+01 -1.537803683037140656e+00 1.664869936588834065e+01 1.563373156272167996e+01
-1.915828377925575765e+01 1.250001826190299781e+01 1.870114926051695647e+01 1.301434182769604142e+01 8.389659652009808788e-01 -1.432116329186153081e+01
-7.935047120707019452e+00 6.185321483765970463e+00 -1.861857931299770064e+00 -2.395280350095368149e+01 -5.684936595489923583e+00 -4.042748190717198459e-02
-1.543491945560484802e-01 2.684736223276175782e+00 2.409529170542803911e+01 -8.499715104181690961e+00 -1.906210523742172214e+01 1.737341481614722127e+01
-2.398900298367751560e+01 1.608091096107643736e+01 2.305660855976020329e+00 4.155003395349730511e+00 1.682460075481777295e+01 -9.874517771470669558e+00
-1.713748473212912060e+01 1.338393537750550522e+01 -1.626431522788531581e+01 1.819772725708745753e+01 6.550614319936864938e+00 2.131909373786545103e+00
-1.060569617406795295e+01 1.012570125383505548e+01 7.772295249055123811e+00 -1.719253276784646900e+01 -3.819343950647944297e+00 1.722769386964140992e+01
-1.826520045986670127e+01 1.714093364681805909e+01 -9.209738264814809838e+00 -7.834041502777990829e+00 -1.661267568499322778e+01 -1.072222823780192513e+01
-1.024782389876878241e+01 8.872283647047481736e+00 1.981442717023990241e+01 5.171916814776628790e+00 2.519645393343961715e+01 8.943042737736337955e+00
-5.333451505950752569e+00 5.731565275007247884e+00 -1.576113299437445381e+00 9.200158158812875797e+00 6.329947958957555798e+00 2.553678663201712595e+01
-9.591125980981328070e+00 1.052063864645648472e+01 -2.176945795576694209e+01 -1.972996076200397297e+01 -3.988544528832376646e+00 -5.394099134050575728e+00
-1.934697032091084878e+01 2.406068329524981664e+01 1.449636153353520207e+01 -4.775534710603037247e+00 -1.307877278878047100e+01 8.849712664760033931e+00
-1.052360247483794709e+01 9.632913348315380375e+00 -8.488921360605045763e+00 5.364979877781804518e+00 1.995822543698983509e+01 -1.808962338004980097e+01
-7.032622571084392149e+00 9.118346523553311656e+00 1.100212778429089866e+01 2.213666879985161984e+01 1.027654057290596512e+01 -3.521696875408091287e+00
-1.442181394936592120e+01 2.239960770616423247e+01 -4.256599086550611588e+00 -1.356466812412779710e+01 -1.020053348571847041e+00 1.210216527230932648e+01
-3.136853856461972789e+00 7.601158380937484083e+00 -2.797899925900496854e+01 -2.532816026958149891e+00 -1.334958850006511710e+01 -1.930103405370698511e+01
-8.224398114412059257e+00 1.361715804573958621e+01 1.725616517286433504e+00 8.763161309267427868e+00 -2.708351917877288173e+01 5.078151593832218591e-01
-4.268473411498424852e+00 8.503286028277088349e+00 -8.665047518833091544e+00 -1.853791429998523554e+01 1.133167207193991111e+01 1.394331717385909286e+01
-1.340197074153812018e+01 2.237747738258255481e+01 1.987381339268196001e+01 -1.145654584625364514e+01 -1.304262240493558878e+00 -1.524503413833941146e+01
-1.376180438333908818e+01 3.041143183575607267e+01 -1.002482840129862396e+01 3.786571300504036230e+00 -9.169082436652418622e+00 4.241959958370546957e+00
-7.583668107265145730e-01 7.586525343544739286e+00 1.668691215488078328e+01 1.238683187295325183e+01 -1.779050268312450811e+01 1.775135099361549251e+01
-8.417986476194096568e+00 1.641454056436429454e+01 1.747283683072260008e+00 -1.750777021234129194e+01 1.429720007684599992e+01 -8.917988482085034363e+00
-8.218988341147838383e+00 2.239082726843360760e+01 -2.641178207235662967e+01 -9.006313412551344655e+00 2.855482071525069276e+00 8.196044949024178905e+00
-5.957625784653858503e+00 2.178649400258607116e+01 9.235616744712555004e+00 5.783821636660814391e+00 -5.392835842259758650e+00 2.310387237209411992e+01
-3.209313970011352879e+00 1.602619737251380272e+01 -8.271003010688984247e+00 1.699227857387947793e+01 -1.715491639888708164e+01 -5.901333413728936605e+00
-5.526983762836113812e+00 1.225623377931660940e+01 1.599364845022928350e+01 -1.187352072228069133e+01 2.397062865672711496e+01 7.761127582872496156e+00
-6.655480911218957019e+00 1.763653586121270678e+01 -5.731906092921382756e-01 -2.751369071897184604e+00 2.345564046567692740e-01 -2.502351109366549409e+01
-2.400448656193128194e+00 1.551867465687724668e+01 -3.234993232046287659e+01 1.312015876104652889e+01 -5.394072025550014082e+00 -4.980657867668431216e+00
-1.011636713975228030e+00 9.611237827511944332e+00 2.578042880410488014e+00 2.145024035050743549e+01 -1.180629243300315068e+01 9.359358389568917858e+00
-3.514474113874300087e+00 1.187043786862915695e+01 -9.370930729877420262e+00 -6.377811743958911705e+00 2.059063334561247771e+01 -1.751698814316806363e+01
-6.054294227394352745e+00 3.833708421600466210e+01 3.387531184072631874e+01 3.259919157379168375e+00 1.398590482094125598e+01 -3.728296668871019737e+00
-2.027915581536944511e+00 2.843427887924055497e+01 -5.972100434472364050e+00 1.383666742798643057e+01 -1.332896820471486166e+00 1.293782594319160673e+01
-2.339670779808207701e+00 5.488901349335644220e+00 1.447953678004660993e+01 -1.843307744707308871e+01 -7.870463136798638182e+00 -1.677172272911527884e+01
-1.228878939200730991e-01 1.776156973024454899e+01 -8.135670096616616220e-01 -4.314596115846009994e+00 -2.906968891084959594e+01 9.493454782837833505e-01
